a=472.01602090;
b=-472.01602080;

format long

a1=1;
b1=1e-23;

a+b
a1+b1